403
358
354
353
353
352
351
351
350
349
348
348
346
348
347
347
347
347
347
347
348
348
349
349
350
350
351
352
353
353
354
354
354
354
353
352
351
350
349
349
349
349
350
348
349
348
350
349
349
349
350
351
350
351
352
352
353
354
354
354
354
353
352
350
350
349
349
349
349
350
351
351
352
353
353
354
354
354
354
354
355
354
354
354
354
353
352
352
352
351
351
350
349
349
349
349
349
350
351
352
353
354
355
356
355
355
354
353
352
350
350
350
350
351
351
351
352
352
353
353
354
354
355
655
655
655
655
704
704
704
704
703
752
752
752
751
751
750
749
749
749
749
749
650
651
652
653
654
655
656
455
455
454
453
452
350
350
350
350
351
351
351
352
352
353
353
354
354
355
355
355
355
354
354
354
354
354
355
354
354
